0.135496
0.191916
-0.0619319
-0.329155
0.817446
-0.659254
0.100059
-0.19178
-0.256004
0.280123
-0.460755
0.383253
0.215842
-0.291998
0.0578051
0.291689
-0.206769
-0.468745
0.425676
0.190815
-0.364788
0.0103512
-0.516396
-0.804485
0.17682
-0.433982
-0.033775
-0.41097
-0.0453191
-0.233437
-0.1808
0.0623402
0.234178
0.0765284
-0.46258
0.101567
-0.542682
0.175136
0.323964
-0.323498
-0.115508
0.552161
0.0376531
0.337114
-0.0621161
-0.198579
-0.396405
0.0867071
-0.0146011
-0.0297114
0.208154
-0.105479
0.437996
-0.0927946
-0.0459858
0.0879766
0.377072
-0.435779
0.266586
0.234786
-0.108136
0.745565
0.133799
0.504017
-0.0186514
0.343211
-0.230385
0.427499
0.235469
0.493528
-0.288237
-0.126044
-0.493911
-0.3439
-0.0901874
-0.131765
0.0504248
0.402045
0.0929382
0.161744
-0.0416421
0.482295
0.710609
-0.171215
-0.271747
-0.411086
0.523393
-0.217491
-0.0922195
-0.304136
0.0660311
0.280912
0.388865
-0.352517
0.425978
0.00718455
-0.0580757
-0.0380873
0.0439689
-0.609159
0.0931637
-0.255616
0.123806
-0.194445
-0.140923
0.0573079
-0.125565
-0.18462
0.157818
-0.151524
-0.354555
0.172235
0.148337
-0.265475
-0.407871
-0.387005
0.351216
-0.00911413
-0.324581
-0.357926
0.053446
-0.408189
-0.27237
-0.264494
0.492482
0.429639
-0.0339136
-0.0583601
-0.526833
-0.00375606
0.126271
0.132839
0.727098
-0.0737163
0.013854
-0.0912079
0.105949
0.612046
-0.167403
-0.197499
-0.117469
-0.0570306
-0.373047
-0.146133
0.044642
0.394427
0.721224
-0.145392
-0.0461705
0.458662
0.0325697
-0.32942
-0.72883
0.135862
-0.102589
-0.145446
-0.388399
0.107402
0.362336
0.37859
0.303081
-0.304036
0.0318625
-0.00812246
-0.0869987
0.0911868
-0.369329
-0.104769
0.655224
-0.0432106
-0.349218
-0.149944
0.54119
0.110652
-0.00645664
0.167341
0.175964
-0.0816697
-0.177836
0.201785
0.414624
-0.183688
0.255182
-0.0850134
-0.177368
0.425212
0.268209
-0.158624
-0.257371
0.00376492
0.274194
0.141176
-0.0799306
-0.0111054
-0.700771
0.0906637
-0.12161
0.421822
-0.0504783
-0.23917
0.271212
0.0536212
-0.203316
0.0168681
-0.312176
-0.511626
0.232849
-0.3925
0.2192
0.080671
-0.354748
-0.340571
-0.0620172
0.104521
-0.294893
0.161836
0.169446
0.379123
0.186143
-0.682868
0.125397
-0.485156
0.308621
-0.148095
0.378791
-0.183917
-0.210806
0.0359977
-0.303362
-0.147146
0.406234
0.357731
-0.331433
-0.53441
-0.120754
-0.409566
-0.419468
-0.23106
0.0732138
0.356539
0.213383
-0.0555501
0.178902
0.203431
0.0639747
-0.145199
0.493501
-0.434235
0.224418
-0.142935
0.0360116
0.141697
-0.0734404
0.501811
-0.156356
0.179046
-0.341985
-0.619853
-0.317462
0.0449772
-0.102896
-1.03527
0.223678
0.205175
0.00483957
-0.273708
-0.377391
0.661484
-0.069451
0.275032
0.181559
-0.131965
-0.00778908
-0.129873
-0.0673043
-0.0407518
-0.223398
0.412863
-0.412404
0.170672
-0.0381708
0.197149
-0.400336
-0.0192529
-0.474254
0.126015
-0.285556
-0.386736
0.243218
-0.0528746
0.37276
-0.507266
-0.273284
-0.159917
0.120805
-0.0660153
0.103681
-0.358484
0.0912063
-0.47856
-0.278862
-0.229516
0.0315251
0.911174
0.190661
-0.205606
-0.103909
-0.24453
-0.152226
0.174122
0.406892
0.0261716
-0.155993
-0.0597774
-0.393201
0.25477
-0.297211
-0.400122
-0.124551
0.414396